(50) IR: 0.944280701754386 0.7827417 0.7190942 0.6725826 0.8164015 0.8340150 0.7649670
(46) IR: 1.10656140350877  0.8078335 0.8439412 0.6652387 0.7478580 0.8444444 0.7818632
(42) IR: 1.1939649122807   0.8359853 0.7343941 0.7074663 0.8268054 0.8123722 0.7834047
(38) IR: 1.48635087719298  0.8139535 0.7184823 0.6823745 0.7968176 0.7258010 0.7474858
(34) IR: 1.87242105263158  0.7613219 0.7246022 0.6988984 0.8047736 0.6344922 0.7248176
(30) IR: 2.02322807017544  0.8194614 0.7588739 0.6891065 0.8292534 0.8534765 0.7900343
(26) IR: 2.54263157894737  0.8090575 0.6780906 0.7123623 0.7423501 0.7472733 0.7378268
(22) IR: 3.30936842105263  0.8145655 0.6725826 0.6970624 0.7301102 0.7903885 0.7409418
(18) IR: 4.27147368421053  0.7313341 0.6242350 0.7074663 0.7845777 0.7223926 0.7140012
(14) IR: 5.92838596491228  0.7613219 0.6456548 0.6615667 0.7386781 0.6408998 0.6896243
(10) IR: 8.10712280701754  0.6591187 0.5452876 0.6762546 0.5599755 0.5426721 0.5966617
(6) IR: 14.4712280701754   0.6817625 0.4969400 0.5844553 0.6462668 0.5457396 0.5910329
