(50) IR: 0.954878048780488 0.8314712 0.7961125 0.7946629 0.7786357 0.8125449 0.8026854
(46) IR: 1.14512195121951  0.7819809 0.7953210 0.7581482 0.8182318 0.8262195 0.7959803
(42) IR: 1.30853658536585  0.8001567 0.7953210 0.7406306 0.7939122 0.7947227 0.7849487
(38) IR: 1.57926829268293  0.8250636 0.7704848 0.7383189 0.8268070 0.8088135 0.7938975
(34) IR: 1.86707317073171  0.8323823 0.8132738 0.7586541 0.7900693 0.8446890 0.8078137
(30) IR: 2.27560975609756  0.8549477 0.8056096 0.7748227 0.8059442 0.8654294 0.8213507
(26) IR: 2.78536585365854  0.7989899 0.7744474 0.7573051 0.8129284 0.8100999 0.7907541
(22) IR: 3.42682926829268  0.8251942 0.7683852 0.7461136 0.7757447 0.8172364 0.7865348
(18) IR: 4.42926829268293  0.7855573 0.7669655 0.7310492 0.7939612 0.7934744 0.7742015
(14) IR: 5.98048780487805  0.7861856 0.7283322 0.7098926 0.7850705 0.7662556 0.7551473
(10) IR: 8.94024390243902  0.7967788 0.7226045 0.6536710 0.7687088 0.7627581 0.7409042
(6) IR: 15.3158536585366   0.7093650 0.6725566 0.6743407 0.7305215 0.7230097 0.7019587
(2) IR: 46.9963414634146   0.6795816 0.6922228 0.6316932 0.7033028 0.6810312 0.6775663