(50) IR: 0.895454545454546 0.5279720 0.4610562 0.8219195 0.8925729 0.4599567 0.6326955
(46) IR: 0.963636363636364 0.5664336 0.6499879 0.8272245 0.7834579 0.5804473 0.6815103
(42) IR: 1.17272727272727  0.4632264 0.6609597 0.8086569 0.8488064 0.8465608 0.7256420
(38) IR: 1.28181818181818  0.4367012 0.6085122 0.8378346 0.5170002 0.4520202 0.5704137
(34) IR: 1.66818181818182  0.5677598 0.6244273 0.8537497 0.9164456 0.8981481 0.7721061
(30) IR: 2.14090909090909  0.4031830 0.6284061 0.8656860 0.7518688 0.4903800 0.6279048
(26) IR: 2.32727272727273  0.4270557 0.6323849 0.8683386 0.8872679 0.4877345 0.6605563
(22) IR: 3.18181818181818  0.4469496 0.5643839 0.6918254 0.7090668 0.5406445 0.5905740
(18) IR: 4.12272727272727  0.4615385 0.5024114 0.8119122 0.7638052 0.5406445 0.6160624
(14) IR: 5.31363636363636  0.4562334 0.6231010 0.7276344 0.7263082 0.5525493 0.6171653
(10) IR: 8.09545454545455  0.4880637 0.5925971 0.7342657 0.7369183 0.5591631 0.6222016
(6) IR: 13.3136363636364   0.4827586 0.6337111 0.7634435 0.7047263 0.5282588 0.6225797
