mds 2  0.7122607 0.5633517 0.5850909 0.5091458 0.6460991 0.6031897
mds 3  0.8001501 0.5822923 0.6299684 0.5748297 0.5799472 0.6334375
mds 4  0.9305848 0.5850909 0.6739130 0.6937865 0.5846201 0.6935991
mds 5  0.9079129 0.5850909 0.6521739 0.7150592 0.6068265 0.6934127
mds 6  0.8384977 0.5425454 0.5642846 0.6489090 0.5855547 0.6359583
mds 7  0.7912881 0.5855573 0.5647510 0.6281027 0.5624137 0.6264225
mds 8  0.7751460 0.5647510 0.6919208 0.6285691 0.5563389 0.6433452
mds 9  0.8218892 0.6715810 0.7821423 0.7353991 0.6049573 0.7231938
mds 10 0.7770117 0.6711145 0.7816759 0.7372648 0.6063592 0.7146852
mds 11 0.7765453 0.6701817 0.7812094 0.7155256 0.6054246 0.7097773
pca 2  0.7122607 0.5633517 0.5850909 0.5091458 0.6460991 0.6031897
pca 3  0.8001501 0.5822923 0.6299684 0.5748297 0.5799472 0.6334375
pca 4  0.9305848 0.5850909 0.6739130 0.6937865 0.5846201 0.6935991
pca 5  0.9079129 0.5850909 0.6521739 0.7150592 0.6068265 0.6934127
pca 6  0.8384977 0.5425454 0.5642846 0.6489090 0.5855547 0.6359583
pca 7  0.7912881 0.5855573 0.5647510 0.6281027 0.5624137 0.6264225
pca 8  0.7751460 0.5647510 0.6919208 0.6285691 0.5563389 0.6433452
pca 9  0.8218892 0.6715810 0.7821423 0.7353991 0.6049573 0.7231938
pca 10 0.7770117 0.6711145 0.7816759 0.7372648 0.6063592 0.7146852
