(50) IR: 0.960869565217391 0.8228423 0.7979396 0.7846772 0.7102328 0.8313084 0.7894001
(46) IR: 1.1304347826087   0.8781635 0.7172291 0.8281554 0.7984061 0.8324665 0.8108841
(42) IR: 1.35              0.8826452 0.7708671 0.8011843 0.7102328 0.8413450 0.8012549
(38) IR: 1.57173913043478  0.8736819 0.7458631 0.7951209 0.7655540 0.8934579 0.8147356
(34) IR: 1.80652173913043  0.8760140 0.7334523 0.7761802 0.7312216 0.8927469 0.8019230
(30) IR: 2.22826086956522  0.9000852 0.7075154 0.7768292 0.8036178 0.9313084 0.8238712
(26) IR: 2.72826086956522  0.8991523 0.7623702 0.7702993 0.6871755 0.8480902 0.7934175
(22) IR: 3.34130434782609  0.9154770 0.7382990 0.7675008 0.7439974 0.8413043 0.8013157
(18) IR: 4.3195652173913   0.9145441 0.7277539 0.7959523 0.6927726 0.8567249 0.7975496
(14) IR: 5.88913043478261  0.7476274 0.6543235 0.7256043 0.6687013 0.8525193 0.7297552
(10) IR: 8.56521739130435  0.8735805 0.6793275 0.7704818 0.6443462 0.6722877 0.7280047
(6) IR: 15.2782608695652   0.7265372 0.6664504 0.7145928 0.6732641 0.5918732 0.6745435