(50) IR: 0.675 0.9545455 0.9727273 0.9704545 0.9704545 0.9340909 0.9604545
(46) IR: 1.005 0.9659091 0.9545455 0.8931818 0.9181818 0.9386364 0.9340909
(42) IR: 1.005 0.9977273 0.9886364 0.9977273 0.9386364 0.9500000 0.9745455
(38) IR: 1.49  0.9840909 0.9727273 0.9704545 0.9977273 0.9363636 0.9722727
(34) IR: 1.685 0.9886364 0.9613636 0.9250000 0.9250000 0.9272727 0.9454545
(30) IR: 1.925 0.9613636 0.9704545 0.9181818 0.9340909 0.8909091 0.9350000
(26) IR: 1.995 0.9977273 0.9909091 0.9000000 1.0000000 0.9500000 0.9677273
(22) IR: 2.79  0.9954545 0.9931818 0.9477273 0.9340909 0.9454545 0.9631818
(18) IR: 3.885 0.9977273 1.0000000 0.9500000 0.8977273 0.9477273 0.9586364
(14) IR: 4.79  1.0000000 1.0000000 0.9886364 0.9500000 0.9500000 0.9777273
(10) IR: 7.275 0.9954545 0.9954545 0.8500000 0.8931818 0.9477273 0.9363636
(6) IR: 11.98  1.0000000 1.0000000 0.9500000 0.9477273 0.9500000 0.9695455
