(50) IR: 0.888888888888889 0.6777778 0.8638889 0.8166667 0.7305556 0.8111111 0.7800000
(46) IR: 1.05555555555556  0.7583333 0.8583333 0.8666667 0.7472222 0.7388889 0.7938889
(42) IR: 1.21111111111111  0.7777778 0.7361111 0.8416667 0.7333333 0.8916667 0.7961111
(38) IR: 1.44444444444444  0.5916667 0.7222222 0.8222222 0.7361111 0.7944444 0.7333333
(34) IR: 1.68333333333333  0.7027778 0.9027778 0.8916667 0.7833333 0.8888889 0.8338889
(30) IR: 2.11111111111111  0.8416667 0.7305556 0.8277778 0.7305556 0.8972222 0.8055556
(26) IR: 2.51666666666667  0.5916667 0.8000000 0.8305556 0.7472222 0.8527778 0.7644444
(22) IR: 3.34444444444444  0.8027778 0.9138889 0.9305556 0.8416667 0.9083333 0.8794444
(18) IR: 4.13333333333333  0.7888889 0.9388889 0.8777778 0.8166667 0.9333333 0.8711111
(14) IR: 5.45555555555556  0.7055556 0.9694444 0.9722222 0.8611111 0.8583333 0.8733333
(10) IR: 8.08333333333333  0.8277778 0.9138889 0.9750000 0.8555556 0.9444444 0.9033333
(6) IR: 14.0111111111111   0.8333333 0.9833333 0.9194444 0.8472222 0.9500000 0.9066667