mds 2  0.5527778 0.6055556 0.6083333 0.5527778 0.6250000 0.5888889
mds 3  0.7777778 0.7750000 0.8222222 0.6583333 0.9000000 0.7866667
mds 4  0.8722222 0.7777778 0.9833333 0.8777778 0.9305556 0.8883333
mds 5  0.8222222 0.9972222 0.9222222 0.8250000 0.9361111 0.9005556
mds 6  0.8750000 0.9444444 0.9194444 0.7666667 0.9833333 0.8977778
mds 7  0.8805556 0.9444444 0.9916667 0.9277778 1.0000000 0.9488889
mds 8  0.8722222 0.9444444 0.9777778 0.9277778 1.0000000 0.9444444
mds 9  0.8694444 0.8861111 0.8694444 0.9277778 0.9361111 0.8977778
mds 10 0.8583333 0.8833333 0.9250000 0.8527778 0.9444444 0.8927778
mds 11 0.8666667 0.8833333 0.9166667 0.7972222 0.9388889 0.8805556
mds 12 0.8805556 0.8333333 0.8750000 0.8611111 0.9916667 0.8883333
pca 2  0.5527778 0.6055556 0.6083333 0.5527778 0.6250000 0.5888889
pca 3  0.7777778 0.7750000 0.8222222 0.6583333 0.9000000 0.7866667
pca 4  0.8722222 0.7777778 0.9833333 0.8777778 0.9305556 0.8883333
pca 5  0.8222222 0.9972222 0.9222222 0.8250000 0.9361111 0.9005556
pca 6  0.8750000 0.9444444 0.9194444 0.7666667 0.9833333 0.8977778
pca 7  0.8805556 0.9444444 0.9916667 0.9277778 1.0000000 0.9488889
pca 8  0.8722222 0.9444444 0.9777778 0.9277778 1.0000000 0.9444444
pca 9  0.8694444 0.8861111 0.8694444 0.9277778 0.9361111 0.8977778
pca 10 0.8583333 0.8833333 0.9250000 0.8527778 0.9444444 0.8927778
pca 11 0.8666667 0.8833333 0.9166667 0.7972222 0.9388889 0.8805556
