mds 2 0.5094697 0.5757576 0.5094697 0.5056818 0.5219720 0.5244702
mds 3 0.5018939 0.5719697 0.5113636 0.5151515 0.5703591 0.5341476
mds 4 0.6856061 0.7348485 0.6382576 0.6723485 0.7192940 0.6900709
mds 5 0.8484848 0.8996212 0.8295455 0.7878788 0.7932441 0.8317549
mds 6 0.8503788 0.8996212 0.8295455 0.7897727 0.8112599 0.8361156
mds 7 0.8465909 0.8712121 0.7992424 0.7556818 0.8198418 0.8185138
mds 8 0.8446970 0.8541667 0.8143939 0.7689394 0.8217285 0.8207851
mds 9 0.8314394 0.8371212 0.7954545 0.7689394 0.7790018 0.8023913
pca 2 0.5094697 0.5757576 0.5094697 0.5056818 0.5219720 0.5244702
pca 3 0.5018939 0.5719697 0.5113636 0.5151515 0.5703591 0.5341476
pca 4 0.6856061 0.7348485 0.6382576 0.6723485 0.7192940 0.6900709
pca 5 0.8484848 0.8996212 0.8295455 0.7878788 0.7932441 0.8317549
pca 6 0.8503788 0.8996212 0.8295455 0.7897727 0.8112599 0.8361156
pca 7 0.8465909 0.8712121 0.7992424 0.7556818 0.8198418 0.8185138
pca 8 0.8446970 0.8541667 0.8143939 0.7689394 0.8217285 0.8207851
