(50) IR: 0.973986013986014 0.8371212 0.8522727 0.8768939 0.8522727 0.7850274 0.8407176
(46) IR: 1.1104662004662   0.8446970 0.9015152 0.8333333 0.7803030 0.8124772 0.8344651
(42) IR: 1.30678321678322  0.8352273 0.8977273 0.8295455 0.7935606 0.7831406 0.8278402
(38) IR: 1.54888111888112  0.8503788 0.9223485 0.8352273 0.7632576 0.8057821 0.8353988
(34) IR: 1.79293706293706  0.8541667 0.9109848 0.8390152 0.8011364 0.8351187 0.8480843
(30) IR: 2.22379953379953  0.8731061 0.9071970 0.8446970 0.7973485 0.8265368 0.8497771
(26) IR: 2.65620046620047  0.8541667 0.9280303 0.8333333 0.8200758 0.7800365 0.8431285
(22) IR: 3.38799533799534  0.8560606 0.9204545 0.8333333 0.7594697 0.7695679 0.8277772
(18) IR: 4.45121212121212  0.8712121 0.9337121 0.7765152 0.7973485 0.7913573 0.8340290
(14) IR: 5.83188811188811  0.8446970 0.9147727 0.7784091 0.7916667 0.7790018 0.8217095
